0
0
0
400.909
445.455
441
227.32
237.097
252
253.448
257.895
262.5
279.114
282.692
292.053
286.364
260.947
0
0
0
0
0
367.5
352.8
347.244
339.231
329.104
324.265
324.265
331.579
341.86
334.091
324.265
317.266
321.898
329.104
329.104
329.104
315
0
0
246.369
211.005
247.753
242.308
240.984
245
250.568
252
259.412
265.663
264.072
288.235
288.235
282.692
265.663
0
0
0
0
0
0
319.565
336.641
336.641
331.579
321.898
319.565
324.265
326.667
326.667
329.104
329.104
331.579
329.104
306.25
310.563
297.973
355.645
0
0
0
525
390.265
390.265
383.478
383.478
383.478
386.842
390.265
393.75
397.297
393.75
334.091
0
0
0
0
0
0
0
424.038
428.155
454.639
450
441
445.455
459.375
474.194
495.506
501.136
495.506
490
490
495.506
495.506
501.136
495.506
490
490
495.506
501.136
501.136
501.136
501.136
501.136
495.506
501.136
501.136
501.136
495.506
484.615
464.211
445.455
445.455
445.455
441
445.455
445.455
441
436.634
416.038
373.729
370.588
373.729
380.172
380.172
376.923
373.729
370.588
367.5
373.729
380.172
383.478
376.923
370.588
361.475
358.537
364.463
386.842
383.478
376.923
367.5
364.463
370.588
386.842
380.172
367.5
352.8
0
0
0
0
0
0
0
0
0
0
0
0
0
0
412.15
376.923
370.588
361.475
361.475
361.475
367.5
367.5
0
0
0
0
0
0
0
0
0
0
393.75
383.478
376.923
367.5
367.5
367.5
367.5
370.588
367.5
355.645
319.565
329.104
326.667
321.898
0
0
0
0
0
0
0
383.478
380.172
373.729
367.5
367.5
367.5
373.729
376.923
373.729
367.5
364.463
358.537
370.588
373.729
376.923
367.5
336.641
0
0
370.588
364.463
358.537
355.645
361.475
373.729
393.75
400.909
397.297
390.265
383.478
386.842
393.75
404.587
0
0
0
0
0
0
380.172
370.588
370.588
367.5
364.463
364.463
367.5
367.5
370.588
370.588
370.588
373.729
373.729
370.588
370.588
347.244
312.766
0
0
0
0
0
331.579
331.579
329.104
324.265
321.898
321.898
329.104
334.091
334.091
329.104
304.138
0
0
0
0
0
0
0
234.574
249.153
245
239.674
227.32
229.688
235.829
239.674
242.308
233.333
227.32
0
0
0
0
0
0
0
0
0
0
239.674
250.568
252
239.674
0
0
0
0
0
310.563
304.138
302.055
300
292.053
292.053
295.973
0
0
0
0
344.531
339.231
329.104
324.265
326.667
326.667
334.091
334.091
324.265
290.132
0
0
0
0
0
0
0
0
0
0
0
232.105
242.308
249.153
252
247.753
249.153
260.947
262.5
273.913
286.364
294
292.053
282.692
249.153
0
0
0
341.86
334.091
326.667
319.565
319.565
324.265
336.641
339.231
329.104
315
306.25
308.392
0
0
0
0
0
0
0
408.333
412.15
404.587
390.265
383.478
383.478
390.265
390.265
390.265
386.842
376.923
386.842
408.333
428.155
397.297
0
0
0
0
0
0
424.038
445.455
450
445.455
445.455
454.639
479.348
501.136
506.897
501.136
495.506
495.506
495.506
495.506
501.136
501.136
495.506
501.136
501.136
512.791
495.506
495.506
495.506
490
490
469.149
0
0
0
484.615
484.615
474.194
450
432.353
432.353
436.634
436.634
441
428.155
397.297
370.588
373.729
376.923
376.923
373.729
370.588
370.588
370.588
361.475
0
0
380.172
376.923
370.588
364.463
355.645
350
361.475
380.172
383.478
373.729
358.537
355.645
367.5
380.172
376.923
367.5
347.244
0
0
0
0
0
0
0
0
0
0
0
0
0
397.297
386.842
373.729
370.588
367.5
367.5
370.588
370.588
370.588
370.588
370.588
370.588
367.5
364.463
367.5
367.5
364.463
383.478
376.923
370.588
367.5
364.463
364.463
367.5
370.588
347.244
321.898
290.132
321.898
329.104
331.579
331.579
331.579
334.091
334.091
331.579
334.091
358.537
376.923
376.923
370.588
367.5
364.463
367.5
370.588
373.729
370.588
370.588
370.588
358.537
361.475
367.5
367.5
367.5
350
331.579
0
370.588
373.729
367.5
364.463
367.5
380.172
390.265
393.75
397.297
393.75
390.265
364.463
0
0
0
0
0
0
0
386.842
383.478
376.923
370.588
364.463
364.463
367.5
370.588
370.588
370.588
370.588
373.729
370.588
364.463
364.463
0
0
0
0
341.86
331.579
319.565
321.898
317.266
315
319.565
329.104
326.667
0
0
0
0
0
286.364
288.235
290.132
290.132
294
294
295.973
297.973
302.055
302.055
297.973
294
294
300
317.266
331.579
339.231
329.104
317.266
312.766
326.667
339.231
336.641
326.667
321.898
319.565
326.667
331.579
339.231
334.091
326.667
324.265
331.579
341.86
341.86
331.579
321.898
273.913
0
0
0
